305 46 388 46 388 721 305 721 harbor 0
162 69 180 69 180 137 162 137 ship 0
241 167 251 167 251 189 241 189 ship 0
412 89 422 89 422 116 412 116 harbor 0
332 637 349 637 349 691 332 691 ship 0
335 696 371 696 371 709 335 709 ship 0
328 720 386 720 386 739 328 739 ship 0
332 585 346 585 346 625 332 625 ship 0
348 578 356 578 356 599 348 599 ship 0
332 512 351 512 351 536 332 536 ship 0
332 544 352 544 352 567 332 567 ship 0
296 431 316 431 316 504 296 504 ship 0
335 393 349 393 349 440 335 440 ship 0
336 266 353 266 353 330 336 330 ship 0
334 211 351 211 351 266 334 266 ship 0
293 148 311 148 311 223 293 223 ship 0
337 137 358 137 358 200 337 200 ship 0
450 84 485 84 485 94 450 94 ship 0
506 82 542 82 542 94 506 94 ship 0
503 97 543 97 543 111 503 111 ship 0
453 97 485 97 485 108 453 108 ship 0
445 118 486 118 486 129 445 129 ship 0
503 117 546 117 546 132 503 132 ship 0
444 136 490 136 490 154 444 154 ship 0
515 138 541 138 541 147 515 147 ship 0
452 158 489 158 489 173 452 173 ship 0
510 159 545 159 545 171 510 171 ship 0
443 179 487 179 487 195 443 195 ship 0
509 177 546 177 546 189 509 189 ship 0
429 199 490 199 490 217 429 217 ship 0
505 201 547 201 547 215 505 215 ship 0
429 221 489 221 489 242 429 242 ship 0
452 248 489 248 489 260 452 260 ship 0
509 264 547 264 547 277 509 277 ship 0
442 309 492 309 492 324 442 324 ship 0
511 290 546 290 546 302 511 302 ship 0
507 308 539 308 539 320 507 320 ship 0
451 354 493 354 493 366 451 366 ship 0
506 352 548 352 548 364 506 364 ship 0
438 374 494 374 494 391 438 391 ship 0
440 396 494 396 494 414 440 414 ship 0
440 440 496 440 496 458 440 458 ship 0
513 399 540 399 540 411 513 411 ship 0
523 469 546 469 546 478 523 478 ship 0
509 485 547 485 547 498 509 498 ship 0
515 506 543 506 543 518 515 518 ship 0
509 528 551 528 551 540 509 540 ship 0
520 554 541 554 541 563 520 563 ship 0
511 570 550 570 550 581 511 581 ship 0
510 594 550 594 550 608 510 608 ship 0
453 464 494 464 494 478 453 478 ship 0
439 484 496 484 496 503 439 503 ship 0
454 508 493 508 493 523 454 523 ship 0
455 529 495 529 495 543 455 543 ship 0
444 548 494 548 494 564 444 564 ship 0
453 569 495 569 495 583 453 583 ship 0
453 594 496 594 496 608 453 608 ship 0
441 634 496 634 496 654 441 654 ship 0
511 636 552 636 552 651 511 651 ship 0
444 655 468 655 468 664 444 664 ship 0
449 669 503 669 503 687 449 687 ship 0
512 669 551 669 551 681 512 681 ship 0
532 654 551 654 551 662 532 662 ship 0
602 663 669 663 669 682 602 682 ship 0
602 601 624 601 624 609 602 609 ship 0
644 614 672 614 672 624 644 624 ship 0
708 632 747 632 747 644 708 644 ship 0
706 656 756 656 756 674 706 674 ship 0
759 617 768 617 768 639 759 639 ship 0
758 592 768 592 768 611 758 611 ship 0
758 540 767 540 767 560 758 560 ship 0
758 563 767 563 767 583 758 583 ship 0
718 575 746 575 746 585 718 585 ship 0
707 592 743 592 743 605 707 605 ship 0
708 420 743 420 743 430 708 430 ship 0
757 426 766 426 766 447 757 447 ship 0
758 453 768 453 768 478 758 478 ship 0
758 481 768 481 768 502 758 502 ship 0
711 442 746 442 746 454 711 454 ship 0
714 459 740 459 740 470 714 470 ship 0
721 483 745 483 745 492 721 492 ship 0
716 499 746 499 746 510 716 510 ship 0
710 519 745 519 745 531 710 531 ship 0
710 538 744 538 744 550 710 550 ship 0
717 560 744 560 744 569 717 569 ship 0
591 520 626 520 626 533 591 533 ship 0
592 539 626 539 626 551 592 551 ship 0
638 521 673 521 673 533 638 533 ship 0
640 538 669 538 669 549 640 549 ship 0
638 558 675 558 675 570 638 570 ship 0
596 466 620 466 620 476 596 476 ship 0
587 500 626 500 626 515 587 515 ship 0
643 484 675 484 675 494 643 494 ship 0
638 499 667 499 667 509 638 509 ship 0
635 423 675 423 675 436 635 436 ship 0
592 386 624 386 624 398 592 398 ship 0
641 407 667 407 667 417 641 417 ship 0
638 369 664 369 664 378 638 378 ship 0
588 327 623 327 623 339 588 339 ship 0
590 345 625 345 625 358 590 358 ship 0
639 293 660 293 660 301 639 301 ship 0
590 252 627 252 627 262 590 262 ship 0
640 251 666 251 666 262 640 262 ship 0
589 270 621 270 621 280 589 280 ship 0
588 288 625 288 625 301 588 301 ship 0
589 307 625 307 625 317 589 317 ship 0
588 82 615 82 615 92 588 92 ship 0
591 104 619 104 619 113 591 113 ship 0
636 103 660 103 660 113 636 113 ship 0
634 120 671 120 671 132 634 132 ship 0
588 119 620 119 620 131 588 131 ship 0
599 137 623 137 623 146 599 146 ship 0
587 153 621 153 621 166 587 166 ship 0
589 193 620 193 620 204 589 204 ship 0
635 190 670 190 670 204 635 204 ship 0
604 208 623 208 623 217 604 217 ship 0
634 213 665 213 665 224 634 224 ship 0
762 67 782 67 782 75 762 75 ship 0
714 83 741 83 741 93 714 93 ship 0
756 79 777 79 777 89 756 89 ship 0
755 96 780 96 780 107 755 107 ship 0
713 101 741 101 741 110 713 110 ship 0
756 137 780 137 780 146 756 146 ship 0
704 135 743 135 743 148 704 148 ship 0
712 193 739 193 739 203 712 203 ship 0
759 209 783 209 783 220 759 220 ship 0
707 243 744 243 744 256 707 256 ship 0
758 246 783 246 783 256 758 256 ship 0
760 262 782 262 782 270 760 270 ship 0
717 303 741 303 741 314 717 314 ship 0
761 304 783 304 783 312 761 312 ship 0
712 326 738 326 738 336 712 336 ship 0
717 341 739 341 739 350 717 350 ship 0
711 363 744 363 744 375 711 375 ship 0
758 349 766 349 766 370 758 370 ship 0
757 374 766 374 766 394 757 394 ship 0
596 216 617 216 617 225 596 225 ship 0
444 269 491 263 493 279 446 285 ship 0
435 418 495 415 496 434 436 437 ship 0
436 83 543 81 551 668 444 670 harbor 0
591 407 624 402 626 414 593 419 ship 0
587 425 624 420 626 435 589 440 ship 0
600 615 627 611 628 622 601 626 ship 0
592 83 665 82 669 662 596 663 harbor 0
712 263 737 260 738 270 713 273 ship 0
726 620 745 618 746 625 727 628 ship 0
715 612 744 608 745 618 716 621 ship 0
708 78 757 78 759 656 710 657 harbor 0
333 334 350 334 350 383 333 383 ship 0
